1,1,123.98,333.44,129.79000000000002,59.69,1,1,1.0
1,2,210.19,250.07,91.88999999999999,41.69,1,1,0.0
1,3,735.98,266.18,63.47000000000003,39.79000000000002,1,1,1.0
2,1,98.4,336.28,134.53,59.690000000000055,1,1,1.0
2,2,210.19,250.07,91.88999999999999,41.69,1,1,0.0
2,3,722.71,269.97,63.48000000000002,39.789999999999964,1,1,1.0
3,1,76.61,339.13,134.52999999999997,59.68000000000001,1,1,1.0
3,2,210.19,250.07,91.88999999999999,41.69,1,1,0.0
3,3,707.56,271.86,63.47000000000003,39.789999999999964,1,1,1.0
4,1,59.56,340.07,134.52,59.69,1,1,1.0
4,2,210.19,250.07,91.88999999999999,41.69,1,1,0.0
4,3,689.56,273.76,76.94000000000005,39.79000000000002,1,1,1.0
5,1,24.51,347.65,134.52,59.69,1,1,1.0
5,2,210.19,250.07,91.88999999999999,41.69,1,1,0.0
5,3,678.19,274.71,77.6099999999999,39.78000000000003,1,1,1.0
6,1,0.0,353.34,134.4,59.68000000000001,1,1,1.0
6,2,210.19,250.07,91.88999999999999,41.69,1,1,0.0
6,3,668.71,277.55,69.18999999999994,39.789999999999964,1,1,1.0
7,1,0.0,355.23,119.2,59.69,1,1,1.0
7,2,210.19,250.07,91.88999999999999,41.69,1,1,0.0
7,3,656.4,278.5,69.18000000000006,39.77999999999997,1,1,1.0
8,1,0.0,361.86,96.5,59.69,1,1,1.0
8,2,210.19,250.07,91.88999999999999,41.69,1,1,0.0
8,3,641.24,281.34,69.18999999999994,39.79000000000002,1,1,1.0
9,1,0.0,361.86,76.6,59.69,1,1,1.0
9,2,210.19,250.07,91.88999999999999,41.69,1,1,0.0
9,3,626.08,285.13,69.18999999999994,39.79000000000002,1,1,1.0
10,1,0.0,361.86,52.9,59.69,1,1,1.0
10,2,210.19,250.07,91.88999999999999,41.69,1,1,0.0
10,3,605.24,285.13,78.65999999999997,39.79000000000002,1,1,1.0
11,1,0.0,361.86,25.4,59.69,1,1,1.0
11,2,210.19,250.07,91.88999999999999,41.69,1,1,0.0
11,3,588.19,290.81,78.65999999999997,39.79000000000002,1,1,1.0
12,2,210.19,250.07,91.88999999999999,41.69,1,1,1.0
12,3,574.92,290.81,78.66000000000008,39.79000000000002,1,1,0.0
13,2,210.19,250.13,91.88999999999999,41.69,1,1,1.0
13,3,560.71,293.65,78.65999999999997,39.79000000000002,1,1,0.0
14,2,210.19,250.19,91.88999999999999,41.68000000000001,1,1,1.0
14,3,543.66,295.55,78.66000000000008,39.789999999999964,1,1,0.0
15,2,210.19,250.25,91.88999999999999,41.68000000000001,1,1,1.0
15,3,526.61,297.44,78.65999999999997,39.79000000000002,1,1,0.0
16,2,210.19,250.31,91.88999999999999,41.68000000000001,1,1,1.0
16,3,510.5,301.23,78.65999999999997,39.789999999999964,1,1,0.0
17,2,210.19,250.36,91.88999999999999,41.69,1,1,1.0
17,3,496.29,305.02,78.66000000000003,39.79000000000002,1,1,0.0
18,2,210.19,250.42,91.88999999999999,41.690000000000026,1,1,1.0
18,3,477.35,305.02,78.65999999999997,39.79000000000002,1,1,0.0
19,2,210.19,250.48,91.88999999999999,41.690000000000026,1,1,1.0
19,3,472.61,307.86,78.65999999999997,39.789999999999964,1,1,0.0
20,2,210.19,250.54,91.88999999999999,41.680000000000035,1,1,1.0
20,3,443.24,314.5,91.96000000000004,39.77999999999997,1,1,0.0
21,2,210.19,250.6,91.88999999999999,41.67999999999998,1,1,1.0
21,3,428.08,317.34,91.03000000000003,39.79000000000002,1,1,1.0
22,2,210.19,250.66,91.88999999999999,41.67999999999998,1,1,1.0
22,3,410.08,322.07,91.02000000000004,39.79000000000002,1,1,1.0
23,2,210.19,250.71,91.88999999999999,41.68999999999997,1,1,1.0
23,3,389.24,324.92,103.36000000000001,39.789999999999964,1,1,1.0
24,2,210.19,250.77,91.88999999999999,41.68999999999997,1,1,1.0
24,3,373.13,328.71,101.47000000000003,39.79000000000002,1,1,1.0
25,2,210.19,250.83,91.88999999999999,41.68999999999997,1,1,1.0
25,3,354.19,331.55,101.45999999999998,39.789999999999964,1,1,1.0
26,2,210.19,250.89,91.88999999999999,41.68000000000001,1,1,1.0
26,3,334.29,324.9,101.46999999999997,54.960000000000036,1,1,1.0
27,2,210.19,250.95,91.88999999999999,41.68000000000001,1,1,1.0
27,3,310.61,332.48,101.45999999999998,54.95999999999998,1,1,1.0
28,2,210.19,251.01,91.88999999999999,41.68000000000001,1,1,1.0
28,3,296.4,334.37,101.46000000000004,54.96999999999997,1,1,1.0
29,2,210.19,251.06,91.88999999999999,41.69,1,1,1.0
29,3,268.92,336.27,101.46999999999997,54.960000000000036,1,1,1.0
30,2,210.19,251.12,91.88999999999999,41.69,1,1,1.0
30,3,249.98,341.95,101.46000000000001,54.97000000000003,1,1,1.0
31,2,210.19,251.18,91.88999999999999,41.69,1,1,1.0
31,3,225.34,344.79,123.26000000000002,54.96999999999997,1,1,1.0
32,2,210.19,251.24,91.88999999999999,41.68000000000001,1,1,1.0
32,3,205.45,349.53,123.25999999999999,54.960000000000036,1,1,1.0
33,2,210.19,251.3,91.88999999999999,41.68000000000001,1,1,1.0
33,3,175.13,352.37,123.25999999999999,54.96999999999997,1,1,1.0
34,2,210.19,251.36,91.88999999999999,41.68000000000001,1,1,1.0
34,3,153.34,359.95,123.26000000000002,54.97000000000003,1,1,1.0
35,2,210.19,251.41,91.88999999999999,41.690000000000026,1,1,1.0
35,3,129.66,363.74,123.25,54.96999999999997,1,1,1.0
36,2,210.19,251.47,91.88999999999999,41.690000000000026,1,1,1.0
36,3,114.5,365.64,123.25999999999999,54.960000000000036,1,1,1.0
37,2,210.19,251.53,91.88999999999999,41.67999999999998,1,1,1.0
37,3,85.13,375.11,123.25999999999999,54.95999999999998,1,1,1.0
38,2,210.19,251.59,91.88999999999999,41.67999999999998,1,1,1.0
38,3,51.97,375.15,145.03,63.450000000000045,1,1,1.0
39,2,210.19,251.65,91.88999999999999,41.67999999999998,1,1,1.0
39,3,18.82,377.04,145.02,63.45999999999998,1,1,1.0
40,2,210.19,251.71,91.88999999999999,41.67999999999998,1,1,1.0
40,3,0.0,385.57,137.32,63.44999999999999,1,1,1.0
41,2,210.19,251.76,91.88999999999999,41.69,1,1,1.0
41,3,0.0,389.36,123.1,63.44999999999999,1,1,1.0
42,2,210.19,251.82,91.88999999999999,41.69,1,1,1.0
42,3,0.0,389.36,102.75,63.44999999999999,1,1,1.0
43,2,210.19,251.88,91.88999999999999,41.68000000000001,1,1,1.0
43,3,0.0,389.36,82.4,63.44999999999999,1,1,1.0
44,2,210.19,251.94,91.88999999999999,41.68000000000001,1,1,1.0
44,3,0.0,393.15,52.08,63.450000000000045,1,1,1.0
45,2,210.19,252.0,91.88999999999999,41.68000000000001,1,1,1.0
45,3,0.0,393.15,23.7,63.450000000000045,1,1,1.0
46,2,210.19,252.06,91.88999999999999,41.68000000000001,1,1,1.0
47,2,210.19,252.11,91.88999999999999,41.69,1,1,1.0
48,2,210.19,252.17,91.88999999999999,41.690000000000026,1,1,1.0
49,2,210.19,252.23,91.88999999999999,41.680000000000035,1,1,1.0
50,2,210.19,252.29,91.88999999999999,41.680000000000035,1,1,1.0
51,2,210.19,252.35,91.88999999999999,41.67999999999998,1,1,1.0
51,4,953.25,229.69,6.75,49.25999999999999,1,1,1.0
52,2,210.19,252.41,91.88999999999999,41.67999999999998,1,1,1.0
52,4,948.22,229.69,11.779999999999973,49.25999999999999,1,1,1.0
53,2,210.19,252.46,91.88999999999999,41.68999999999997,1,1,1.0
53,4,943.2,229.69,16.799999999999955,49.25999999999999,1,1,1.0
54,2,210.19,252.52,91.88999999999999,41.68999999999997,1,1,1.0
54,4,942.9,229.69,17.100000000000023,49.25999999999999,1,1,1.0
55,2,210.19,252.58,91.88999999999999,41.67999999999998,1,1,1.0
55,4,939.07,227.0,20.92999999999995,55.19,1,1,1.0
56,2,210.19,252.64,91.88999999999999,41.68000000000001,1,1,1.0
56,4,934.1,227.0,25.899999999999977,55.19,1,1,1.0
57,2,210.19,252.7,91.88999999999999,41.68000000000001,1,1,1.0
57,4,928.79,225.5,31.210000000000036,65.19999999999999,1,1,1.0
58,2,210.19,252.75,91.88999999999999,41.69,1,1,1.0
58,4,919.1,225.5,40.89999999999998,65.19999999999999,1,1,1.0
59,2,210.19,252.81,91.88999999999999,41.69,1,1,1.0
59,4,916.45,225.5,43.549999999999955,68.74000000000001,1,1,1.0
60,2,210.19,252.87,91.88999999999999,41.69,1,1,1.0
60,4,913.79,225.5,46.210000000000036,72.27999999999997,1,1,1.0
61,2,210.19,252.93,91.88999999999999,41.68000000000001,1,1,1.0
61,4,907.3,226.09,52.10000000000002,72.28,1,1,1.0
62,2,210.19,252.99,91.88999999999999,41.68000000000001,1,1,1.0
62,4,897.3,226.09,62.10000000000002,72.28,1,1,1.0
63,2,210.19,253.05,91.88999999999999,41.68000000000001,1,1,1.0
63,4,894.35,227.71,62.10000000000002,72.28,1,1,1.0
64,2,210.19,253.1,91.88999999999999,41.690000000000026,1,1,1.0
64,4,891.4,229.33,62.10000000000002,72.28,1,1,1.0
65,2,210.19,253.16,91.88999999999999,41.690000000000026,1,1,1.0
65,4,891.4,229.33,68.60000000000002,72.28,1,1,1.0
66,2,210.19,253.22,91.88999999999999,41.690000000000026,1,1,1.0
66,4,875.77,231.99,84.23000000000002,72.27999999999997,1,1,1.0
67,2,210.19,253.28,91.88999999999999,41.67999999999998,1,1,1.0
67,4,871.05,232.3,88.95000000000005,73.74000000000001,1,1,1.0
68,2,210.19,253.34,91.88999999999999,41.67999999999998,1,1,1.0
68,4,864.86,232.89,95.13999999999999,73.74000000000001,1,1,1.0
69,2,210.19,253.4,91.88999999999999,41.67999999999998,1,1,1.0
69,4,861.32,233.77,98.38,73.73999999999998,1,1,1.0
70,2,210.19,253.45,91.88999999999999,41.69,1,1,1.0
70,4,852.5,233.8,107.20000000000005,73.70999999999998,1,1,1.0
71,2,210.19,253.51,91.88999999999999,41.69,1,1,1.0
71,4,849.85,234.09,107.19999999999993,73.72,1,1,1.0
72,2,210.19,253.57,91.88999999999999,41.69,1,1,1.0
72,4,841.88,235.57,118.12,73.70999999999998,1,1,1.0
73,2,210.19,253.63,91.88999999999999,41.68000000000001,1,1,1.0
73,4,836.6,239.2,123.39999999999998,76.90000000000003,1,1,1.0
73,5,824.18,253.47,14.460000000000036,26.909999999999997,1,1,0.0
74,2,210.19,253.69,91.88999999999999,41.68000000000001,1,1,1.0
74,4,827.86,230.13,131.67999999999995,85.54000000000002,1,1,1.0
74,5,816.95,254.27,16.34999999999991,26.909999999999997,1,1,0.0
75,2,210.19,253.75,91.88999999999999,41.68000000000001,1,1,1.0
75,4,818.58,232.03,140.81999999999994,85.53999999999999,1,1,1.0
75,5,807.71,255.08,16.34999999999991,26.900000000000006,1,1,0.0
76,2,210.19,253.8,91.88999999999999,41.69,1,1,1.0
76,4,810.32,233.8,149.67999999999995,85.53999999999996,1,1,1.0
76,5,799.15,257.62,20.909999999999968,26.909999999999968,1,1,0.0
77,2,210.19,253.86,91.88999999999999,41.69,1,1,1.0
77,4,801.47,235.57,158.52999999999997,85.54000000000002,1,1,1.0
77,5,790.85,258.02,20.91999999999996,26.910000000000025,1,1,0.0
78,2,210.19,253.86,91.88999999999999,41.69,1,1,1.0
78,4,794.6,236.5,163.10000000000002,84.61000000000001,1,1,1.0
78,5,780.15,258.52,20.920000000000073,26.910000000000025,1,1,0.0
79,2,210.19,253.86,91.88999999999999,41.69,1,1,1.0
79,4,787.9,236.75,164.68000000000006,85.54000000000002,1,1,1.0
79,5,771.47,258.84,24.129999999999995,28.160000000000025,1,1,0.0
79,6,947.19,234.99,12.809999999999945,33.079999999999984,1,1,0.0
80,2,210.19,253.86,91.88999999999999,41.69,1,1,1.0
80,4,780.83,237.63,164.66999999999996,85.55000000000001,1,1,1.0
80,5,760.9,261.1,25.389999999999986,25.899999999999977,1,1,0.0
80,6,944.94,235.95,12.809999999999945,33.079999999999984,1,1,0.0
81,2,210.19,253.86,91.88999999999999,41.69,1,1,1.0
81,4,767.8,238.22,171.51,85.54999999999998,1,1,1.0
81,5,751.9,262.1,26.680000000000064,25.859999999999957,1,1,0.0
81,6,937.88,236.27,12.81000000000006,33.09,1,1,0.0
82,2,210.19,253.86,91.88999999999999,41.69,1,1,1.0
82,4,761.35,244.93,173.35000000000002,79.17000000000002,1,1,1.0
82,5,741.94,263.7,30.8599999999999,24.25999999999999,1,1,0.0
82,6,932.1,236.92,12.799999999999955,33.08000000000001,1,1,0.0
83,2,210.19,253.86,91.88999999999999,41.69,1,1,1.0
83,4,750.12,239.12,182.18999999999994,94.12,1,1,1.0
83,5,732.95,264.66,30.8599999999999,24.269999999999982,1,1,0.0
83,6,926.31,237.88,12.81000000000006,33.079999999999984,1,1,0.0
84,2,210.19,253.86,91.88999999999999,41.69,1,1,1.0
84,4,744.23,239.41,182.18999999999994,94.11999999999998,1,1,1.0
84,5,720.2,264.66,43.6099999999999,24.269999999999982,1,1,0.0
84,6,920.85,238.52,12.809999999999945,33.08000000000001,1,1,0.0
85,2,210.19,253.86,91.88999999999999,41.69,1,1,1.0
85,4,730.77,240.63,190.13,94.13,1,1,1.0
85,5,707.15,266.33,43.610000000000014,24.25999999999999,1,1,0.0
85,6,913.47,239.16,12.799999999999955,33.09,1,1,0.0
86,2,210.19,253.86,91.88999999999999,41.69,1,1,1.0
86,4,722.21,241.25,190.13,94.12,1,1,1.0
86,5,699.66,266.89,43.610000000000014,24.25999999999999,1,1,0.0
86,6,907.36,240.13,12.809999999999945,33.079999999999984,1,1,0.0
87,2,210.19,253.86,91.88999999999999,41.69,1,1,1.0
87,4,717.93,241.54,190.13,94.12000000000003,1,1,1.0
87,5,689.11,266.89,43.610000000000014,24.25999999999999,1,1,0.0
87,6,902.22,240.13,12.809999999999945,33.079999999999984,1,1,0.0
88,2,210.19,253.86,91.88999999999999,41.69,1,1,1.0
88,4,707.12,243.08,190.12,94.11999999999998,1,1,1.0
88,5,678.01,267.16,43.60000000000002,24.269999999999982,1,1,0.0
88,6,879.11,240.77,28.539999999999964,33.08000000000001,1,1,0.0
89,2,210.19,253.86,91.88999999999999,41.69,1,1,1.0
89,4,691.63,243.69,190.13,94.12,1,1,1.0
89,5,663.02,267.72,43.60000000000002,24.25999999999999,1,1,0.0
89,6,874.31,241.01,28.540000000000077,33.079999999999984,1,1,0.0
90,2,210.19,253.86,91.88999999999999,41.69,1,1,1.0
90,4,681.23,245.53,207.26999999999998,94.11999999999998,1,1,1.0
90,5,652.75,264.9,49.14999999999998,27.920000000000016,1,1,0.0
90,6,867.6,241.01,28.529999999999973,33.079999999999984,1,1,0.0
91,2,210.19,253.86,91.88999999999999,41.69,1,1,1.0
91,4,674.51,245.5,214.59000000000003,104.55000000000001,1,1,1.0
91,5,642.47,266.29,49.15999999999997,27.909999999999968,1,1,0.0
91,6,860.16,240.77,28.530000000000086,33.08000000000001,1,1,0.0
92,2,210.19,253.86,91.88999999999999,41.69,1,1,1.0
92,4,660.44,245.5,214.58999999999992,104.55000000000001,1,1,1.0
92,5,629.23,267.44,49.15999999999997,27.920000000000016,1,1,0.0
92,6,851.04,241.97,28.530000000000086,33.08000000000001,1,1,0.0
93,2,210.19,253.86,91.88999999999999,41.69,1,1,1.0
93,4,653.1,246.72,214.59000000000003,104.54999999999998,1,1,1.0
93,5,618.87,269.17,49.15999999999997,27.909999999999968,1,1,0.0
93,6,847.72,242.38,28.539999999999964,33.09000000000003,1,1,0.0
94,2,210.19,253.86,91.88999999999999,41.69,1,1,1.0
94,4,643.93,247.95,214.59000000000003,104.54000000000002,1,1,1.0
94,5,603.3,269.17,64.73000000000002,27.909999999999968,1,1,0.0
94,6,837.15,243.21,28.529999999999973,33.08000000000001,1,1,0.0
95,2,210.19,253.86,91.88999999999999,41.69,1,1,1.0
95,4,632.92,251.62,214.59000000000003,104.54000000000002,1,1,1.0
95,5,587.8,269.17,80.23000000000002,27.909999999999968,1,1,0.0
95,6,828.02,243.21,28.539999999999964,33.08000000000001,1,1,0.0
96,2,210.19,253.86,91.88999999999999,41.69,1,1,0.0
96,4,617.01,254.06,214.60000000000002,104.55000000000001,1,1,1.0
96,5,576.29,268.02,80.22000000000003,27.910000000000025,1,1,0.0
96,6,822.01,243.83,28.529999999999973,33.09,1,1,0.0
97,2,210.19,253.86,91.88999999999999,41.69,1,1,0.0
97,4,614.57,254.67,214.58999999999992,104.55000000000004,1,1,1.0
97,5,563.05,269.74,80.23000000000002,27.920000000000016,1,1,0.0
97,6,814.75,243.63,28.539999999999964,33.079999999999984,1,1,0.0
98,2,210.19,253.86,91.88999999999999,41.69,1,1,0.0
98,4,607.84,255.29,214.58999999999992,104.53999999999999,1,1,1.0
98,5,552.11,272.62,80.23000000000002,27.920000000000016,1,1,0.0
98,6,782.8,249.1,50.54000000000008,28.419999999999987,1,1,0.0
99,2,210.19,253.86,91.88999999999999,41.69,1,1,0.0
99,4,580.93,249.8,240.87,125.32,1,1,1.0
99,5,535.99,273.77,80.23000000000002,27.920000000000016,1,1,0.0
99,6,771.46,248.41,50.539999999999964,28.419999999999987,1,1,0.0
100,2,210.19,253.86,91.88999999999999,41.69,1,1,0.0
100,4,568.09,252.25,240.87,125.32,1,1,1.0
100,5,524.5,273.77,91.72000000000003,27.920000000000016,1,1,0.0
100,6,763.94,248.52,50.539999999999964,28.419999999999987,1,1,0.0
101,2,210.19,253.86,91.88999999999999,41.69,1,1,0.0
101,4,557.69,252.86,240.8699999999999,125.32,1,1,1.0
101,5,511.84,273.2,91.71999999999997,27.910000000000025,1,1,0.0
101,6,753.05,249.35,50.54000000000008,28.419999999999987,1,1,0.0
102,2,210.19,253.86,91.88999999999999,41.69,1,1,0.0
102,4,549.74,252.86,240.87,125.32,1,1,1.0
102,5,501.47,273.2,91.73000000000002,27.910000000000025,1,1,0.0
102,6,742.17,250.18,50.530000000000086,28.420000000000016,1,1,0.0
103,2,210.19,253.86,91.88999999999999,41.69,1,1,0.0
103,4,543.62,254.08,240.87,125.31999999999996,1,1,1.0
103,5,486.51,273.77,91.72000000000003,27.920000000000016,1,1,0.0
103,6,721.0,250.6,62.789999999999964,28.210000000000008,1,1,0.0
104,2,210.19,253.86,91.88999999999999,41.69,1,1,0.0
104,4,521.6,258.36,257.35,125.32999999999998,1,1,1.0
104,5,472.69,276.65,91.71999999999997,27.920000000000016,1,1,0.0
104,6,713.12,251.43,62.789999999999964,28.20999999999998,1,1,0.0
104,7,953.17,228.09,6.139999999999986,35.78999999999999,1,1,1.0
105,2,210.19,253.86,91.88999999999999,41.69,1,1,0.0
105,4,511.21,266.31,257.34999999999997,125.32999999999998,1,1,1.0
105,5,461.76,277.8,91.72000000000003,27.920000000000016,1,1,0.0
105,6,696.7,252.9,68.41999999999996,27.150000000000006,1,1,0.0
105,7,948.1,228.09,11.209999999999923,35.78999999999999,1,1,1.0
106,2,210.19,253.86,91.88999999999999,41.69,1,1,0.0
106,4,493.47,270.59,264.73,125.33000000000004,1,1,1.0
106,5,445.64,278.38,85.36000000000001,27.910000000000025,1,1,0.0
106,6,684.22,251.94,68.42999999999995,27.149999999999977,1,1,0.0
106,7,940.9,218.9,18.409999999999968,44.97999999999999,1,1,1.0
107,2,210.19,253.86,91.88999999999999,41.69,1,1,0.0
107,4,476.96,273.04,274.54,122.25999999999999,1,1,1.0
107,5,432.74,276.66,99.55999999999995,34.339999999999975,1,1,0.0
107,6,674.87,251.94,68.41999999999996,27.149999999999977,1,1,0.0
107,7,938.1,218.9,21.209999999999923,44.97999999999999,1,1,1.0
108,2,210.19,253.86,91.88999999999999,41.69,1,1,0.0
108,4,465.12,277.33,274.53999999999996,122.25999999999999,1,1,1.0
108,5,414.68,278.81,99.56,34.339999999999975,1,1,0.0
108,6,658.8,253.6,73.70000000000005,25.97,1,1,0.0
108,7,935.3,218.9,24.00999999999999,44.97999999999999,1,1,1.0
109,2,210.19,253.86,91.88999999999999,41.69,1,1,0.0
109,4,446.29,272.4,281.91,132.92000000000002,1,1,1.0
109,5,404.36,277.95,99.56,34.34000000000003,1,1,0.0
109,6,646.3,255.5,76.12,23.829999999999984,1,1,0.0
109,7,930.7,218.9,28.6099999999999,44.97999999999999,1,1,1.0
110,2,210.19,253.86,91.88999999999999,41.69,1,1,0.0
110,4,436.46,278.95,281.91,132.92000000000002,1,1,1.0
110,5,386.73,278.81,99.56,34.339999999999975,1,1,0.0
110,6,630.2,258.1,79.25999999999999,20.269999999999982,1,1,0.0
110,7,926.1,218.9,33.20999999999992,44.97999999999999,1,1,1.0
111,2,210.19,253.86,91.88999999999999,41.69,1,1,0.0
111,4,410.3,280.59,299.07,132.92000000000002,1,1,1.0
111,5,369.1,280.96,109.0,34.34000000000003,1,1,0.0
111,6,608.8,257.62,89.63,21.379999999999995,1,1,0.0
111,7,924.1,218.9,35.20999999999992,44.97999999999999,1,1,1.0
112,2,210.19,253.86,91.88999999999999,41.69,1,1,0.0
112,4,399.66,282.23,299.06,132.91999999999996,1,1,1.0
112,5,357.06,278.81,109.0,34.339999999999975,1,1,0.0
112,6,596.25,258.69,89.63,21.389999999999986,1,1,0.0
112,7,918.0,218.9,41.309999999999945,44.97999999999999,1,1,1.0
113,2,210.19,253.86,91.88999999999999,41.69,1,1,0.0
113,4,368.54,281.41,299.07,132.91999999999996,1,1,1.0
113,5,345.45,278.81,109.0,34.339999999999975,1,1,0.0
113,6,584.25,259.41,89.62,21.379999999999995,1,1,0.0
113,7,913.9,218.9,45.40999999999997,44.97999999999999,1,1,1.0
114,2,210.19,253.86,91.88999999999999,41.69,1,1,0.0
114,4,367.72,296.15,299.06999999999994,132.92000000000002,1,1,1.0
114,5,329.11,279.24,109.0,34.339999999999975,1,1,0.0
114,6,572.6,260.13,89.62,21.379999999999995,1,1,0.0
114,7,909.8,218.9,49.50999999999999,44.97999999999999,1,1,1.0
115,2,210.19,253.86,91.88999999999999,41.69,1,1,0.0
115,4,348.07,294.51,312.21999999999997,132.92000000000002,1,1,1.0
115,5,313.2,279.24,109.0,34.339999999999975,1,1,0.0
115,6,558.62,261.56,89.63,21.379999999999995,1,1,0.0
115,7,905.2,218.9,54.1099999999999,44.97999999999999,1,1,1.0
116,2,210.19,253.86,91.88999999999999,41.69,1,1,0.0
116,4,321.05,294.51,334.34999999999997,132.92000000000002,1,1,1.0
116,5,301.16,283.97,109.0,34.339999999999975,1,1,0.0
116,6,545.89,262.64,89.63,21.379999999999995,1,1,0.0
116,7,901.62,216.9,58.379999999999995,50.04999999999998,1,1,1.0
117,2,210.19,253.86,91.88999999999999,41.69,1,1,0.0
117,4,303.04,296.96,334.34999999999997,132.93,1,1,1.0
117,5,282.42,282.42,109.0,34.339999999999975,1,1,0.0
117,6,534.97,262.96,89.63,21.379999999999995,1,1,0.0
117,7,896.51,217.92,63.49000000000001,50.05000000000004,1,1,1.0
118,2,210.19,253.86,91.88999999999999,41.69,1,1,0.0
118,4,288.3,295.33,334.34999999999997,132.92000000000002,1,1,1.0
118,5,264.92,283.81,109.0,34.35000000000002,1,1,0.0
118,6,514.74,266.49,89.63,21.379999999999995,1,1,0.0
118,7,890.37,219.46,63.49000000000001,50.04999999999998,1,1,1.0
119,2,210.19,253.86,91.88999999999999,41.69,1,1,0.0
119,4,262.4,305.1,357.15999999999997,148.82,1,1,1.0
119,5,255.08,284.77,108.99999999999997,34.35000000000002,1,1,0.0
119,6,495.1,266.8,103.5,29.099999999999966,1,1,0.0
119,7,884.23,220.05,68.10000000000002,50.05000000000001,1,1,1.0
120,2,210.19,253.86,91.88999999999999,41.69,1,1,0.0
120,4,255.55,298.6,358.14000000000004,153.39999999999998,1,1,1.0
120,5,241.65,285.25,108.98999999999998,34.35000000000002,1,1,1.0
120,6,476.47,265.19,103.5,29.100000000000023,1,1,0.0
120,7,878.08,220.65,72.70999999999992,50.04999999999998,1,1,1.0
121,2,210.19,253.86,91.88999999999999,41.69,1,1,0.0
121,4,227.71,300.24,358.14,153.39999999999998,1,1,1.0
121,5,221.49,285.97,109.0,34.349999999999966,1,1,1.0
121,6,460.41,266.8,103.49999999999994,29.099999999999966,1,1,0.0
121,7,874.5,218.76,72.71000000000004,50.05000000000001,1,1,1.0
122,2,210.19,253.86,91.88999999999999,41.69,1,1,0.0
122,4,194.14,296.15,392.49,186.15000000000003,1,1,1.0
122,5,205.54,287.41,111.71000000000001,34.339999999999975,1,1,1.0
122,6,446.28,268.41,103.5,29.099999999999966,1,1,0.0
122,7,870.27,222.35,72.71000000000004,50.04999999999998,1,1,1.0
123,2,210.19,253.86,91.88999999999999,41.69,1,1,0.0
123,4,172.85,296.96,392.49,186.16000000000003,1,1,1.0
123,5,189.58,288.85,114.41999999999999,34.339999999999975,1,1,1.0
123,6,438.57,270.01,103.50000000000006,29.100000000000023,1,1,0.0
123,7,860.7,224.23,72.70999999999992,50.04999999999998,1,1,1.0
124,2,210.19,253.86,91.88999999999999,41.69,1,1,0.0
124,4,155.66,298.6,401.5400000000001,186.15999999999997,1,1,1.0
124,5,170.31,290.78,114.42000000000002,34.34000000000003,1,1,1.0
124,6,424.12,270.97,103.5,29.099999999999966,1,1,0.0
124,7,855.59,224.23,72.70999999999992,50.04999999999998,1,1,1.0
125,2,210.19,253.86,91.88999999999999,41.69,1,1,0.0
125,4,122.9,303.51,415.5,186.16000000000003,1,1,1.0
125,5,155.86,291.42,114.40999999999997,34.339999999999975,1,1,1.0
125,6,405.8,268.4,109.93,37.10000000000002,1,1,0.0
125,7,853.76,220.97,72.71000000000004,50.04999999999998,1,1,1.0
126,2,210.19,253.86,91.88999999999999,41.69,1,1,0.0
126,4,95.06,310.88,438.44,186.16000000000003,1,1,1.0
126,5,135.62,294.31,114.41999999999999,34.339999999999975,1,1,1.0
126,6,393.59,269.04,109.94,37.099999999999966,1,1,0.0
126,7,846.58,223.62,72.70999999999992,50.05000000000001,1,1,1.0
127,2,210.19,253.86,91.88999999999999,41.69,1,1,0.0
127,4,72.14,314.16,438.43,186.14999999999998,1,1,1.0
127,5,117.96,295.27,122.14,34.35000000000002,1,1,1.0
127,6,377.54,271.61,109.93,37.099999999999966,1,1,0.0
127,7,839.4,226.28,72.71000000000004,50.04999999999998,1,1,1.0
128,2,210.19,253.86,91.88999999999999,41.69,1,1,0.0
128,4,38.32,318.56,456.08,186.14999999999998,1,1,1.0
128,5,98.39,298.73,122.14,34.339999999999975,1,1,1.0
128,6,366.29,271.61,109.94,37.099999999999966,1,1,1.0
128,7,833.1,225.59,82.42999999999995,50.04999999999998,1,1,1.0
129,2,210.19,253.86,91.88999999999999,41.69,1,1,0.0
129,4,8.26,317.74,470.74,186.14999999999998,1,1,1.0
129,5,81.12,299.3,122.13999999999999,34.349999999999966,1,1,1.0
129,6,351.2,274.18,109.93,37.099999999999966,1,1,1.0
129,7,828.5,227.64,82.42999999999995,50.05000000000001,1,1,1.0
130,2,210.19,253.86,91.88999999999999,41.69,1,1,0.0
130,4,3.86,317.74,470.74,186.14999999999998,1,1,1.0
130,5,67.3,302.18,122.14999999999999,34.349999999999966,1,1,1.0
130,6,339.96,274.18,109.93,37.099999999999966,1,1,1.0
130,7,822.87,227.64,82.42999999999995,50.05000000000001,1,1,1.0
131,2,210.19,253.86,91.88999999999999,41.69,1,1,0.0
131,4,0.0,320.7,468.7,212.54000000000002,1,1,1.0
131,5,51.76,305.64,122.14000000000001,34.34000000000003,1,1,1.0
131,6,318.1,272.9,117.29999999999995,39.670000000000016,1,1,1.0
131,7,818.78,227.64,82.43000000000006,50.05000000000001,1,1,1.0
132,2,210.19,253.86,91.88999999999999,41.69,1,1,0.0
132,4,0.0,320.7,434.9,212.54000000000002,1,1,1.0
132,5,23.55,306.79,122.14999999999999,34.339999999999975,1,1,1.0
132,6,302.62,274.19,117.30000000000001,39.670000000000016,1,1,1.0
132,7,811.11,227.64,82.42999999999995,50.05000000000001,1,1,1.0
133,2,210.19,253.86,91.88999999999999,41.69,1,1,0.0
133,4,0.0,320.7,420.2,212.54000000000002,1,1,1.0
133,5,8.01,307.94,122.14999999999999,34.339999999999975,1,1,1.0
133,6,288.0,275.48,117.30000000000001,39.66999999999996,1,1,1.0
133,7,799.86,228.15,90.93999999999994,50.04999999999998,1,1,1.0
133,8,688.1,531.03,82.48000000000002,8.970000000000027,1,1,1.0
134,2,210.19,253.86,91.88999999999999,41.69,1,1,0.0
134,4,0.0,320.7,399.7,212.54000000000002,1,1,1.0
134,5,0.0,311.97,119.79,34.339999999999975,1,1,1.0
134,6,272.09,277.63,117.30000000000001,39.670000000000016,1,1,1.0
134,7,795.07,228.15,90.93999999999994,50.04999999999998,1,1,1.0
134,8,688.1,525.51,94.84000000000003,14.490000000000009,1,1,1.0
135,2,210.19,253.86,91.88999999999999,41.69,1,1,0.0
135,4,0.0,320.7,388.0,212.54000000000002,1,1,1.0
135,5,0.0,308.52,100.2,34.34000000000003,1,1,1.0
135,6,257.04,278.49,117.29999999999995,39.670000000000016,1,1,1.0
135,7,784.12,231.57,90.92999999999995,50.05000000000001,1,1,1.0
135,8,688.1,520.0,107.19999999999993,20.0,1,1,1.0
136,2,210.19,253.86,91.88999999999999,41.69,1,1,0.0
136,4,0.0,320.7,367.5,212.54000000000002,1,1,1.0
136,5,0.0,308.52,82.9,34.34000000000003,1,1,1.0
136,6,239.84,280.21,117.29999999999998,39.670000000000016,1,1,1.0
136,7,777.96,231.57,90.92999999999995,50.05000000000001,1,1,1.0
136,8,688.1,514.55,130.10000000000002,25.450000000000045,1,1,1.0
137,2,210.19,253.86,91.88999999999999,41.69,1,1,0.0
137,4,0.0,320.7,347.0,212.54000000000002,1,1,1.0
137,5,0.0,308.52,64.5,34.34000000000003,1,1,1.0
137,6,226.51,281.93,117.30000000000001,39.670000000000016,1,1,1.0
137,7,757.42,232.26,90.94000000000005,50.05000000000001,1,1,1.0
137,8,688.1,509.1,153.0,30.899999999999977,1,1,1.0
138,2,210.19,253.86,91.88999999999999,41.69,1,1,0.0
138,4,0.0,333.9,325.0,199.34000000000003,1,1,1.0
138,5,0.0,308.52,43.8,34.34000000000003,1,1,1.0
138,6,206.3,282.79,117.31,39.66999999999996,1,1,1.0
138,7,753.65,232.77,90.94000000000005,50.04999999999998,1,1,1.0
138,8,688.1,502.7,153.0,37.30000000000001,1,1,1.0
139,2,210.19,253.86,91.88999999999999,41.69,1,1,0.0
139,4,0.0,333.9,313.3,199.34000000000003,1,1,1.0
139,5,0.0,313.12,27.1,34.339999999999975,1,1,1.0
139,6,192.98,284.08,117.29999999999998,39.670000000000016,1,1,1.0
139,7,749.89,233.28,90.94000000000005,50.04999999999998,1,1,1.0
139,8,688.1,502.7,167.69999999999993,37.30000000000001,1,1,1.0
140,2,210.19,253.86,91.88999999999999,41.69,1,1,0.0
140,4,0.0,333.9,292.8,199.34000000000003,1,1,1.0
140,5,0.0,313.12,8.7,34.339999999999975,1,1,1.0
140,6,180.51,286.66,117.30000000000001,39.66999999999996,1,1,1.0
140,7,746.12,233.8,90.93999999999994,50.05000000000001,1,1,1.0
140,8,728.4,494.5,127.39999999999998,45.5,1,1,1.0
141,2,210.19,253.86,91.88999999999999,41.69,1,1,0.0
141,4,0.0,355.9,266.4,177.34000000000003,1,1,1.0
141,6,161.16,287.09,117.29999999999998,39.670000000000016,1,1,1.0
141,7,742.36,234.31,90.93999999999994,50.05000000000001,1,1,1.0
141,8,737.56,485.3,127.40000000000009,53.78000000000003,1,1,1.0
142,2,210.19,253.86,91.88999999999999,41.69,1,1,0.0
142,4,0.0,361.8,247.3,171.44,1,1,1.0
142,6,141.38,284.9,123.22000000000003,44.44,1,1,1.0
142,7,737.23,234.31,90.92999999999995,50.05000000000001,1,1,1.0
142,8,747.64,485.3,127.39999999999998,53.78000000000003,1,1,1.0
143,2,210.19,253.86,91.88999999999999,41.69,1,1,0.0
143,4,0.0,367.7,218.0,165.54000000000002,1,1,1.0
143,6,126.33,290.06,123.22000000000001,44.44,1,1,1.0
143,7,732.09,234.31,90.93999999999994,50.05000000000001,1,1,1.0
143,8,753.14,480.7,133.86,55.63000000000005,1,1,1.0
144,2,210.19,253.86,91.88999999999999,41.69,1,1,0.0
144,4,0.0,376.5,196.0,156.74,1,1,1.0
144,6,107.41,291.78,123.22,44.440000000000055,1,1,1.0
144,7,723.88,234.99,90.94000000000005,50.05000000000001,1,1,1.0
144,8,763.22,468.8,133.86,65.69999999999999,1,1,1.0
145,2,210.19,253.86,91.88999999999999,41.69,1,1,1.0
145,4,0.0,385.3,176.9,147.94,1,1,1.0
145,6,85.91,292.21,123.22,44.44,1,1,1.0
145,7,712.24,234.31,102.55999999999995,50.05000000000001,1,1,1.0
145,8,767.81,471.55,133.85000000000002,65.69999999999999,1,1,1.0
146,2,210.19,253.86,91.88999999999999,41.69,1,1,1.0
146,4,0.0,383.9,150.7,149.34000000000003,1,1,1.0
146,6,77.31,293.93,123.22,44.44,1,1,1.0
146,7,701.29,237.05,102.56000000000006,50.05000000000001,1,1,1.0
146,8,779.47,467.31,133.86,68.86999999999995,1,1,1.0
147,2,210.19,253.86,91.88999999999999,41.69,1,1,1.0
147,4,0.0,392.4,120.3,140.84000000000003,1,1,1.0
147,6,59.25,293.93,123.22,44.44,1,1,1.0
147,7,698.55,237.05,102.56000000000006,50.05000000000001,1,1,1.0
147,8,791.13,463.07,133.86,72.03000000000003,1,1,1.0
148,2,210.19,253.86,91.88999999999999,41.69,1,1,1.0
148,4,0.0,395.2,104.0,138.04000000000002,1,1,1.0
148,6,40.53,295.71,123.22,44.44,1,1,1.0
148,7,688.28,237.05,102.56000000000006,50.05000000000001,1,1,1.0
148,8,800.68,456.71,133.85000000000002,72.03000000000003,1,1,1.0
149,2,210.19,253.86,91.88999999999999,41.69,1,1,1.0
149,4,0.0,402.3,75.0,130.95,1,1,1.0
149,6,16.46,297.5,138.34,44.43000000000001,1,1,1.0
149,7,672.54,237.05,102.56000000000006,50.05000000000001,1,1,1.0
149,8,808.1,450.34,133.86,72.04000000000002,1,1,1.0
150,2,210.19,253.86,91.88999999999999,41.69,1,1,1.0
150,4,0.0,410.8,45.3,122.44,1,1,1.0
150,6,0.41,299.28,138.34,44.440000000000055,1,1,1.0
150,7,664.32,237.73,102.55999999999995,50.04999999999998,1,1,1.0
150,8,816.58,447.16,133.86,72.03000000000003,1,1,1.0
151,2,210.19,253.86,91.88999999999999,41.69,1,1,1.0
151,4,0.0,415.8,19.1,117.44,1,1,1.0
151,6,0.0,302.85,120.92,44.42999999999995,1,1,1.0
151,7,655.42,237.73,102.56000000000006,50.04999999999998,1,1,1.0
151,8,820.82,442.92,133.8599999999999,72.03000000000003,1,1,1.0
152,2,210.19,253.86,91.88999999999999,41.69,1,1,1.0
152,6,0.0,302.85,103.98,44.42999999999995,1,1,1.0
152,7,644.47,239.1,102.55999999999995,50.04999999999998,1,1,1.0
152,8,827.18,441.86,132.82000000000005,72.02999999999997,1,1,1.0
153,2,210.19,253.86,91.88999999999999,41.69,1,1,1.0
153,6,0.0,301.95,87.93,44.44,1,1,1.0
153,7,641.05,239.1,102.56000000000006,50.04999999999998,1,1,1.0
153,8,831.43,438.68,128.57000000000005,72.02999999999997,1,1,1.0
154,2,210.19,253.86,91.88999999999999,41.69,1,1,1.0
154,6,0.0,301.95,64.7,44.44,1,1,1.0
154,7,638.31,240.47,102.56000000000006,50.04999999999998,1,1,1.0
154,8,839.91,434.44,120.09000000000003,72.03000000000003,1,1,1.0
155,2,210.19,253.86,91.88999999999999,41.69,1,1,1.0
155,6,0.0,301.95,49.5,44.44,1,1,1.0
155,7,623.25,241.16,102.55999999999995,50.04999999999998,1,1,1.0
155,8,850.51,425.96,109.49000000000001,72.03000000000003,1,1,1.0
156,2,210.19,253.86,91.88999999999999,41.69,1,1,1.0
156,6,0.0,302.85,29.9,44.42999999999995,1,1,1.0
156,7,621.19,237.71,102.56999999999994,57.599999999999994,1,1,1.0
156,8,861.12,421.71,98.88,72.04000000000002,1,1,1.0
157,2,210.19,253.86,91.88999999999999,41.69,1,1,1.0
157,6,0.0,302.85,7.6,44.42999999999995,1,1,1.0
157,7,610.24,238.39,102.55999999999995,57.610000000000014,1,1,1.0
157,8,877.02,415.35,82.98000000000002,72.03999999999996,1,1,1.0
158,2,210.19,253.86,91.88999999999999,41.69,1,1,1.0
158,7,597.23,238.39,102.56999999999994,57.610000000000014,1,1,1.0
158,8,884.44,411.11,75.55999999999995,72.02999999999997,1,1,1.0
159,2,210.19,253.86,91.88999999999999,41.69,1,1,1.0
159,7,585.6,238.39,102.55999999999995,57.610000000000014,1,1,1.0
159,8,893.99,407.93,66.00999999999999,72.02999999999997,1,1,1.0
160,2,210.19,253.86,91.88999999999999,41.69,1,1,1.0
160,7,573.28,239.08,102.56000000000006,57.599999999999994,1,1,1.0
160,8,900.35,405.81,59.64999999999998,72.02999999999997,1,1,1.0
161,2,210.19,253.86,91.88999999999999,41.69,1,1,1.0
161,7,562.32,241.81,102.55999999999995,57.610000000000014,1,1,1.0
161,8,907.77,401.57,52.23000000000002,72.03000000000003,1,1,1.0
162,2,210.19,253.86,91.88999999999999,41.69,1,1,1.0
162,7,558.21,241.81,102.56999999999994,57.610000000000014,1,1,1.0
162,8,917.31,397.33,42.690000000000055,72.03000000000003,1,1,1.0
163,2,210.19,253.86,91.88999999999999,41.69,1,1,1.0
163,7,548.63,241.81,102.56000000000006,57.610000000000014,1,1,1.0
163,8,922.61,395.21,37.389999999999986,72.03000000000003,1,1,1.0
164,2,210.19,253.86,91.88999999999999,41.69,1,1,1.0
164,7,531.52,243.18,120.38,57.610000000000014,1,1,0.0
164,8,926.86,394.15,33.139999999999986,72.03000000000003,1,1,1.0
165,2,210.19,253.86,91.88999999999999,41.69,1,1,1.0
165,7,520.56,244.55,120.3900000000001,57.610000000000014,1,1,0.0
165,8,932.16,392.03,27.840000000000032,72.03000000000003,1,1,1.0
166,2,210.19,253.86,91.88999999999999,41.69,1,1,1.0
166,7,504.82,245.23,120.38000000000005,57.609999999999985,1,1,0.0
166,8,933.22,390.96,26.779999999999973,72.04000000000002,1,1,1.0
167,2,210.19,253.86,91.88999999999999,41.69,1,1,1.0
167,7,491.13,247.29,120.38,57.599999999999994,1,1,0.0
167,8,934.28,389.9,25.720000000000027,72.04000000000002,1,1,1.0
168,2,210.19,253.86,91.88999999999999,41.69,1,1,1.0
168,7,483.6,247.97,120.38,57.609999999999985,1,1,0.0
168,8,939.04,389.9,20.960000000000036,72.04000000000002,1,1,1.0
169,2,210.19,253.86,91.88999999999999,41.69,1,1,1.0
169,7,472.65,247.97,120.38,57.609999999999985,1,1,0.0
169,8,943.8,389.9,16.200000000000045,72.04000000000002,1,1,1.0
170,2,210.19,253.86,91.88999999999999,41.69,1,1,1.0
170,7,464.43,245.92,120.39000000000004,57.609999999999985,1,1,0.0
170,8,950.2,389.9,9.799999999999955,72.04000000000002,1,1,1.0
171,2,210.19,253.86,91.88999999999999,41.69,1,1,1.0
171,7,452.79,240.4,128.60999999999996,63.809999999999974,1,1,0.0
171,8,950.2,389.9,9.799999999999955,72.04000000000002,1,1,1.0
172,2,210.19,253.86,91.88999999999999,41.69,1,1,1.0
172,7,438.42,243.14,128.60999999999996,63.81,1,1,0.0
173,2,210.19,253.86,91.88999999999999,41.69,1,1,1.0
173,7,427.47,243.82,128.60000000000002,63.81,1,1,0.0
174,2,210.19,253.86,91.88999999999999,41.69,1,1,1.0
174,7,415.15,244.51,128.60000000000002,63.81,1,1,0.0
175,2,210.19,253.86,91.88999999999999,41.69,1,1,1.0
175,7,408.3,244.51,128.59999999999997,63.81,1,1,1.0
176,2,210.19,253.86,91.88999999999999,41.69,1,1,1.0
176,7,393.92,244.51,128.60999999999996,63.81,1,1,1.0
177,2,210.19,253.86,91.88999999999999,41.69,1,1,1.0
177,7,382.29,244.51,128.59999999999997,63.81,1,1,1.0
178,2,210.19,253.86,91.88999999999999,41.69,1,1,1.0
178,7,371.33,245.88,128.61,63.81,1,1,1.0
179,2,210.19,253.86,91.88999999999999,41.69,1,1,1.0
179,7,365.17,247.25,128.60999999999996,63.81,1,1,1.0
180,2,210.19,253.86,91.88999999999999,41.69,1,1,1.0
180,7,351.48,247.25,128.60999999999996,63.81,1,1,1.0
181,2,210.19,253.86,91.88999999999999,41.69,1,1,1.0
181,7,334.4,245.88,133.37,63.81,1,1,1.0
182,2,210.19,253.86,91.88999999999999,41.69,1,1,1.0
182,7,325.5,244.51,133.37,63.81,1,1,1.0
183,2,210.19,253.86,91.88999999999999,41.69,1,1,1.0
183,7,312.5,245.88,133.36,63.81,1,1,1.0
184,2,210.19,253.86,91.88999999999999,41.69,1,1,1.0
184,7,297.44,247.25,133.36,63.81,1,1,1.0
185,2,210.19,253.86,91.88999999999999,41.69,1,1,0.0
185,7,293.33,247.25,133.36,63.81,1,1,1.0
186,2,210.19,253.86,91.88999999999999,41.69,1,1,0.0
186,7,281.69,248.62,133.37,63.81,1,1,1.0
187,2,210.19,253.86,91.88999999999999,41.69,1,1,0.0
187,7,269.78,251.36,133.36,63.81,1,1,1.0
188,2,210.19,253.86,91.88999999999999,41.69,1,1,0.0
188,7,258.78,254.11,133.37,63.81,1,1,1.0
189,2,210.19,253.86,91.88999999999999,41.69,1,1,0.0
189,7,244.12,253.2,133.36,63.81,1,1,1.0
190,2,210.19,253.86,91.88999999999999,41.69,1,1,0.0
190,7,234.95,253.2,133.37,63.81,1,1,1.0
